1 0 0 64 64
1 0 0 128 64
1 0 0 256 64
1 0 0 512 128
1 0 0 448 128
8 1 1 192 128
tr 3 1 1 1 188 128 72 132 9 0
tr 1 0 1 0 200 128 48 72 70 70
1 0 0 128 128
1 0 0 64 128
1 0 0 128 192
1 0 0 512 192
1 0 0 512 256
1 0 0 448 256
1 0 0 192 256
1 0 0 128 256
1 0 0 64 256
1 0 0 64 320
1 0 0 128 320
1 0 0 192 320
1 0 0 384 320
7 0 0 192 0
7 0 0 64 0
7 0 0 384 0
7 0 0 448 0
7 0 0 512 0
7 0 0 0 320
7 0 0 0 128
7 0 0 0 64
4 0 0 256 256
4 0 0 320 256
3 0 0 256 320
3 0 0 320 320
5 0 0 256 192
5 0 0 320 192
7 0 0 0 0
7 0 0 128 0
7 0 0 256 0
7 0 0 320 0
7 0 0 576 0
7 0 0 0 192
7 0 0 0 256
7 0 0 0 384
7 0 0 0 448
7 0 0 0 512
7 0 0 0 576
7 0 0 0 640
7 0 0 0 704
1 0 0 64 384
1 0 0 128 384
1 0 0 128 448
1 0 0 64 448
1 0 0 64 512
3 0 0 256 384
3 0 0 320 384
3 0 0 192 448
3 0 0 256 448
3 0 0 320 448
3 0 0 192 576
3 0 0 128 576
3 0 0 128 640
3 0 0 64 640
3 0 0 192 640
3 0 0 128 704
3 0 0 64 704
3 0 0 192 704
3 0 0 256 640
3 0 0 256 704
3 0 0 320 704
3 0 0 384 704
7 0 0 448 704
7 0 0 512 704
7 0 0 576 704
7 0 0 640 704
7 0 0 704 704
7 0 0 768 704
7 0 0 832 704
7 0 0 896 704
7 0 0 960 704
7 0 0 1024 704
7 0 0 1088 704
7 0 0 1152 704
1 0 0 448 640
1 0 0 576 640
1 0 0 640 640
1 0 0 704 640
1 0 0 768 640
1 0 0 896 640
1 0 0 832 640
1 0 0 1024 640
1 0 0 1088 640
0 0 0 1152 640
0 0 0 1152 576
0 0 0 1152 512
0 0 0 1152 448
0 0 0 1152 384
0 0 0 1152 320
0 0 0 1152 256
0 0 0 1152 192
0 0 0 640 0
0 0 0 704 0
0 0 0 768 0
0 0 0 832 0
0 0 0 896 0
0 0 0 960 0
0 0 0 1024 0
0 0 0 1088 0
0 0 0 1152 0
3 0 0 320 128
3 0 0 384 128
3 0 0 448 64
3 0 0 384 64
3 0 0 320 64
3 0 0 256 128
1 0 0 256 576
1 0 0 320 512
1 0 0 320 576
1 0 0 320 640
1 0 0 384 640
1 0 0 384 576
1 0 0 384 512
1 0 0 512 576
1 0 0 576 448
1 0 0 576 576
1 0 0 576 512
1 0 0 640 576
1 0 0 640 512
1 0 0 704 512
1 0 0 704 576
1 0 0 768 512
1 0 0 832 576
1 0 0 960 576
1 0 0 896 576
1 0 0 1088 512
1 0 0 1088 576
1 0 0 1024 576
1 0 0 1088 448
1 0 0 1024 448
1 0 0 960 448
1 0 0 704 448
1 0 0 640 448
1 0 0 640 384
1 0 0 640 320
1 0 0 640 256
1 0 0 640 128
1 0 0 640 192
1 0 0 640 64
1 0 0 704 64
1 0 0 768 64
1 0 0 832 64
1 0 0 960 64
1 0 0 1024 64
1 0 0 1088 64
1 0 0 1088 128
1 0 0 1024 128
1 0 0 960 128
1 0 0 896 128
1 0 0 768 128
1 0 0 704 128
1 0 0 704 192
1 0 0 704 320
1 0 0 704 384
1 0 0 768 320
1 0 0 768 192
1 0 0 768 256
1 0 0 832 192
1 0 0 896 192
1 0 0 960 192
1 0 0 1024 192
1 0 0 1088 192
1 0 0 1088 256
1 0 0 1088 320
1 0 0 1088 384
1 0 0 960 384
1 0 0 832 256
1 0 0 896 256
1 0 0 896 320
1 0 0 960 320
1 0 0 1024 256
1 0 0 1024 320
1 0 0 1152 64
tr 1 0 1 0 1172 64 16 128 70 70
1 0 0 1152 128
7 0 0 576 64
7 0 0 576 128
7 0 0 576 192
7 0 0 576 256
7 0 0 512 320
7 0 0 448 384
7 0 0 576 320
7 0 0 512 384
7 0 0 448 448
7 0 0 384 448
3 0 0 384 384
4 0 0 192 512
4 0 0 256 512
2 0 0 64 576
tr 2 1 1 0 64 576 64 64
2 0 0 192 384
2 0 0 64 192
2 0 0 384 256
2 0 0 448 192
2 0 0 512 64
2 0 0 448 320
0 0 0 832 320
0 0 0 960 256
0 0 0 1024 512
0 0 0 768 576
3 0 0 896 448
3 0 0 832 448
3 0 0 896 512
2 0 0 832 512
2 0 0 896 384
2 0 0 960 512
2 0 0 768 448
4 0 0 832 384
5 0 0 768 384
5 0 0 576 384
4 0 0 512 448
6 0 0 512 512
6 0 0 448 576
6 0 0 448 512
6 0 0 512 640
6 0 0 896 64
6 0 0 832 128
6 0 0 704 256
6 0 0 960 640
6 0 0 1024 384
6 0 0 384 192
6 0 0 192 64
6 0 0 128 512
box 1216 768
