0 0 0 0 0
0 0 0 0 192
0 0 0 0 256
0 0 0 0 384
0 0 0 128 384
0 0 0 192 384
0 0 0 256 384
0 0 0 448 384
0 0 0 512 384
0 0 0 576 384
0 0 0 640 384
0 0 0 640 0
0 0 0 576 0
0 0 0 256 0
0 0 0 128 0
0 0 0 320 0
1 0 0 64 64
1 0 0 128 64
1 0 0 192 64
1 0 0 256 64
1 0 0 320 64
1 0 0 384 64
1 0 0 448 64
1 0 0 512 64
1 0 0 576 64
1 0 0 512 128
1 0 0 448 128
1 0 0 192 128
1 0 0 128 128
1 0 0 64 128
1 0 0 64 192
1 0 0 128 192
1 0 0 192 192
1 0 0 448 192
1 0 0 512 192
1 0 0 576 256
1 0 0 512 256
1 0 0 448 256
1 0 0 192 256
1 0 0 128 256
1 0 0 64 256
1 0 0 64 320
1 0 0 128 320
1 0 0 192 320
1 0 0 384 320
1 0 0 448 320
1 0 0 512 320
1 0 0 576 320
6 0 0 256 128
6 0 0 320 128
7 0 0 64 384
7 0 0 384 384
7 0 0 320 384
7 0 0 192 0
7 0 0 64 0
7 0 0 384 0
7 0 0 448 0
7 0 0 512 0
7 0 0 0 320
1 0 0 0 128
tr 1 0 0 0 32 64 16 128 1100 70
1 0 0 0 64
4 0 0 256 256
4 0 0 320 256
3 0 0 256 320
3 0 0 320 320
5 0 0 256 192
5 0 0 320 192
0 0 0 384 192
0 0 0 384 256
0 0 0 384 128
0 0 0 704 0
0 0 0 768 0
0 0 0 832 0
0 0 0 896 0
0 0 0 960 0
0 0 0 1024 0
0 0 0 1088 0
0 0 0 704 384
0 0 0 768 384
0 0 0 832 384
0 0 0 896 384
0 0 0 960 384
0 0 0 1024 384
0 0 0 1088 384
0 0 0 1088 320
1 0 0 1088 192
1 0 0 1088 128
tr 1 0 2 0 1100 128 1152 128 70 70
0 0 0 1088 64
1 0 0 1024 128
1 0 0 1024 192
1 0 0 576 128
1 0 0 576 192
1 0 0 640 128
1 0 0 640 64
1 0 0 704 64
1 0 0 768 64
1 0 0 832 64
1 0 0 896 64
1 0 0 960 64
1 0 0 1024 64
1 0 0 960 128
1 0 0 896 128
1 0 0 832 128
1 0 0 768 128
1 0 0 704 128
1 0 0 640 192
1 0 0 640 256
1 0 0 640 320
1 0 0 704 192
1 0 0 768 192
1 0 0 768 256
1 0 0 832 256
1 0 0 896 192
1 0 0 960 192
1 0 0 960 256
1 0 0 896 256
0 0 0 1088 256
1 0 0 1024 256
1 0 0 1024 320
1 0 0 960 320
1 0 0 896 320
1 0 0 832 320
1 0 0 768 320
1 0 0 832 192
w 1000 100
g 0 45 704 128
1 0 0 704 256
1 0 0 704 320
g 704 320
box 1152 480
