0 0 0 0 0
0 0 0 0 64
0 0 0 0 128
0 0 0 0 192
0 0 0 0 256
0 0 0 0 384
0 0 0 0 320
0 0 0 0 448
0 0 0 0 512
0 0 0 0 576
0 0 0 0 640
0 0 0 0 704
0 0 0 0 768
0 0 0 0 832
0 0 0 0 896
0 0 0 64 896
0 0 0 128 896
0 0 0 192 896
0 0 0 256 896
0 0 0 320 896
0 0 0 384 896
0 0 0 448 896
0 0 0 512 896
0 0 0 576 896
0 0 0 640 896
0 0 0 704 896
0 0 0 768 896
0 0 0 832 896
0 0 0 896 896
0 0 0 960 896
0 0 0 1088 896
0 0 0 1152 896
0 0 0 64 0
0 0 0 128 0
0 0 0 192 0
0 0 0 256 0
0 0 0 320 0
0 0 0 384 0
0 0 0 448 0
0 0 0 512 0
0 0 0 576 0
0 0 0 640 0
0 0 0 704 0
0 0 0 768 0
0 0 0 832 0
0 0 0 896 0
0 0 0 960 0
0 0 0 1024 0
0 0 0 1088 0
0 0 0 1152 0
0 0 0 1216 896
0 0 0 1280 896
0 0 0 1344 896
0 0 0 1408 896
0 0 0 1472 896
0 0 0 1536 896
0 0 0 1664 896
0 0 0 1664 832
0 0 0 1664 768
0 0 0 1664 704
0 0 0 1664 640
0 0 0 1664 576
0 0 0 1664 512
0 0 0 1664 448
0 0 0 1664 384
0 0 0 1664 320
0 0 0 1664 256
0 0 0 1664 192
0 0 0 1664 128
0 0 0 1664 64
0 0 0 1216 0
0 0 0 1280 0
0 0 0 1344 0
0 0 0 1408 0
0 0 0 1472 0
0 0 0 1536 0
0 0 0 1600 0
0 0 0 1664 0
1 0 0 64 64
1 0 0 128 64
1 0 0 192 64
1 0 0 256 64
1 0 0 320 64
1 0 0 448 64
1 0 0 512 64
1 0 0 576 64
1 0 0 640 64
1 0 0 704 64
1 0 0 768 64
1 0 0 832 64
1 0 0 1152 64
1 0 0 64 128
1 0 0 128 128
1 0 0 192 128
1 0 0 320 128
1 0 0 448 128
1 0 0 512 128
1 0 0 576 128
1 0 0 832 128
1 0 0 64 192
1 0 0 128 192
1 0 0 192 192
1 0 0 320 192
1 0 0 448 192
1 0 0 576 192
1 0 0 832 192
1 0 0 64 256
1 0 0 128 256
1 0 0 192 256
1 0 0 320 256
1 0 0 448 256
1 0 0 576 256
1 0 0 704 256
1 0 0 768 256
1 0 0 832 256
1 0 0 896 256
1 0 0 960 256
1 0 0 1024 256
1 0 0 1088 256
1 0 0 1152 256
1 0 0 64 320
1 0 0 128 320
1 0 0 192 320
1 0 0 320 320
1 0 0 384 320
1 0 0 448 320
1 0 0 576 320
1 0 0 1152 320
1 0 0 1152 384
1 0 0 1024 384
1 0 0 576 384
1 0 0 64 448
1 0 0 192 448
1 0 0 256 448
1 0 0 320 448
1 0 0 448 448
1 0 0 512 448
1 0 0 576 448
1 0 0 1024 448
1 0 0 1152 448
1 0 0 1152 512
1 0 0 1024 512
1 0 0 960 512
1 0 0 896 512
1 0 0 704 512
1 0 0 448 512
1 0 0 320 512
1 0 0 192 512
1 0 0 64 512
1 0 0 64 576
1 0 0 192 576
1 0 0 320 576
1 0 0 384 576
1 0 0 448 576
1 0 0 576 576
1 0 0 640 576
1 0 0 704 576
1 0 0 1152 576
1 0 0 1152 640
1 0 0 1024 640
1 0 0 448 640
1 0 0 320 640
1 0 0 64 640
1 0 0 64 704
1 0 0 192 832
1 0 0 320 832
1 0 0 320 704
1 0 0 576 832
1 0 0 640 832
1 0 0 768 832
1 0 0 832 832
1 0 0 832 704
1 0 0 896 704
1 0 0 896 832
1 0 0 960 832
1 0 0 1024 704
1 0 0 1024 768
1 0 0 1024 832
1 0 0 1152 704
1 0 0 1152 768
1 0 0 1152 832
1 0 0 1216 64
1 0 0 1280 64
1 0 0 1408 64
1 0 0 1472 64
1 0 0 1536 64
1 0 0 1536 128
1 0 0 1408 128
1 0 0 1344 128
1 0 0 1280 128
1 0 0 1216 128
1 0 0 1600 384
1 0 0 1280 640
1 0 0 1280 704
1 0 0 1408 704
1 0 0 1344 704
1 0 0 1472 704
1 0 0 1600 704
0 0 0 384 64
0 0 0 384 128
0 0 0 384 192
0 0 0 384 256
0 0 0 64 384
0 0 0 128 384
0 0 0 192 384
0 0 0 256 384
0 0 0 320 384
0 0 0 384 384
0 0 0 448 384
0 0 0 512 384
0 0 0 512 320
0 0 0 512 256
0 0 0 512 192
0 0 0 256 128
0 0 0 256 192
0 0 0 256 256
0 0 0 256 320
0 0 0 640 256
0 0 0 640 320
0 0 0 640 384
0 0 0 640 448
0 0 0 704 448
0 0 0 768 448
0 0 0 832 448
0 0 0 896 448
0 0 0 960 448
0 0 0 896 320
0 0 0 832 320
0 0 0 768 320
0 0 0 960 320
0 0 0 1024 320
0 0 0 1088 320
0 0 0 1088 384
0 0 0 1088 448
0 0 0 1088 512
0 0 0 1088 576
0 0 0 1024 576
0 0 0 960 576
0 0 0 832 576
0 0 0 768 576
0 0 0 768 512
3 0 0 832 512
0 0 0 896 64
0 0 0 896 128
0 0 0 896 192
0 0 0 960 192
0 0 0 1024 192
0 0 0 1088 192
1 0 0 704 192
1 0 0 768 192
0 0 0 640 192
0 0 0 640 128
0 0 0 704 128
0 0 0 768 128
0 0 0 640 512
0 0 0 576 512
0 0 0 512 512
0 0 0 384 448
0 0 0 384 512
0 0 0 256 512
0 0 0 256 576
0 0 0 256 640
0 0 0 256 704
0 0 0 256 768
0 0 0 512 576
0 0 0 512 640
0 0 0 512 768
0 0 0 384 640
0 0 0 384 704
0 0 0 384 768
0 0 0 448 768
0 0 0 320 768
1 0 0 256 832
1 0 0 512 832
0 0 0 576 768
0 0 0 640 768
0 0 0 704 768
0 0 0 768 768
0 0 0 832 768
0 0 0 896 768
0 0 0 960 768
0 0 0 576 640
0 0 0 640 640
0 0 0 704 640
0 0 0 768 640
0 0 0 960 640
0 0 0 960 704
1 0 0 896 640
0 0 0 896 576
1 0 0 832 640
0 0 0 192 768
0 0 0 128 448
0 0 0 128 512
0 0 0 128 640
0 0 0 192 704
1 0 0 192 640
0 0 0 64 832
0 0 0 128 704
6 0 0 128 576
6 0 0 512 704
6 0 0 576 704
6 0 0 640 704
6 0 0 704 704
6 0 0 768 704
6 0 0 448 704
6 0 0 64 768
6 0 0 128 768
6 0 0 128 832
6 0 0 704 832
6 0 0 448 832
6 0 0 384 832
0 0 0 1088 832
0 0 0 1088 768
0 0 0 1088 704
0 0 0 1216 576
0 0 0 1216 704
0 0 0 1216 768
0 0 0 1280 768
0 0 0 1344 768
0 0 0 1408 768
0 0 0 1472 768
0 0 0 1536 768
6 0 0 1408 832
6 0 0 1216 832
6 0 0 1280 832
6 0 0 1344 832
6 0 0 1472 832
0 0 0 1216 320
6 0 0 704 320
6 0 0 704 384
6 0 0 768 384
6 0 0 832 384
6 0 0 896 384
6 0 0 960 384
0 0 0 1344 640
0 0 0 1536 640
0 0 0 1536 576
0 0 0 1536 448
2 0 0 960 64
2 0 0 960 128
2 0 0 1024 64
2 0 0 1024 128
tr 1 0 3 0 960 64 32 128 70 70
1 0 0 1088 64
1 0 0 1088 128
0 0 0 1152 192
0 0 0 1344 192
0 0 0 1344 256
0 0 0 1472 320
0 0 0 1472 256
0 0 0 1472 192
1 0 0 1472 128
1 0 0 1536 256
1 0 0 1536 320
6 0 0 1216 256
6 0 0 1280 256
6 0 0 1280 320
6 0 0 1280 384
6 0 0 1280 448
6 0 0 1280 512
6 0 0 1344 448
6 0 0 1344 512
6 0 0 1408 320
6 0 0 1408 384
6 0 0 1408 448
6 0 0 1408 512
6 0 0 1408 576
6 0 0 1472 576
6 0 0 1472 512
7 0 0 1472 384
7 0 0 1344 320
7 0 0 1344 384
7 0 0 1408 256
7 0 0 1280 192
7 0 0 1216 192
7 0 0 1216 384
7 0 0 1216 448
7 0 0 1216 512
7 0 0 1280 576
7 0 0 1344 576
7 0 0 1408 640
7 0 0 1472 640
7 0 0 1536 512
7 0 0 1472 448
0 0 0 1408 192
0 0 0 1600 320
0 0 0 1600 256
0 0 0 1600 192
0 0 0 1600 128
0 0 0 1600 64
0 0 0 1536 832
6 0 0 1216 640
7 0 0 1536 704
0 0 0 1664 960
0 0 0 1664 1024
0 0 0 1600 1024
0 0 0 1536 1024
0 0 0 1472 1024
0 0 0 1280 1024
0 0 0 1216 1024
0 0 0 1152 1024
0 0 0 1088 1024
0 0 0 960 1024
0 0 0 1024 1024
0 0 0 960 960
1 0 0 1024 896
1 0 0 1024 960
6 0 0 1088 960
6 0 0 1152 960
6 0 0 1536 960
6 0 0 1600 960
6 0 0 1600 832
6 0 0 1600 768
1 0 0 1216 960
1 0 0 1600 896
6 0 0 1600 640
6 0 0 1600 576
6 0 0 1600 512
6 0 0 1600 448
6 0 0 1536 384
6 0 0 1536 192
6 0 0 1344 64
6 0 0 1152 128
3 0 0 1088 640
4 0 0 1344 960
4 0 0 1408 960
5 0 0 1280 960
5 0 0 1472 960
3 0 0 1344 1024
3 0 0 1408 1024
0 0 0 1280 1088
0 0 0 1344 1088
0 0 0 1408 1088
0 0 0 1472 1088
box 1728 1088