0 0 0 0 0
0 0 0 0 64
0 0 0 0 128
0 0 0 0 192
0 0 0 0 256
0 0 0 0 320
0 0 0 0 384
0 0 0 0 448
0 0 0 0 512
0 0 0 0 576
0 0 0 0 640
0 0 0 0 704
0 0 0 0 768
0 0 0 0 832
0 0 0 0 896
0 0 0 0 960
0 0 0 0 1024
0 0 0 0 1088
3 0 0 0 1152
3 0 0 0 1216
3 0 0 0 1280
3 0 0 0 1344
3 0 0 0 1408
3 0 0 64 1472
3 0 0 128 1472
3 0 0 192 1472
3 0 0 256 1472
3 0 0 320 1472
3 0 0 384 1472
3 0 0 512 1472
3 0 0 448 1472
3 0 0 576 1472
3 0 0 640 1472
3 0 0 704 1472
3 0 0 768 1472
3 0 0 832 1472
3 0 0 896 1472
3 0 0 960 1472
3 0 0 1024 1472
3 0 0 1024 1408
3 0 0 960 1408
3 0 0 896 1408
3 0 0 832 1408
3 0 0 768 1408
3 0 0 704 1408
3 0 0 640 1408
3 0 0 576 1408
3 0 0 512 1408
3 0 0 448 1408
3 0 0 384 1408
3 0 0 320 1408
3 0 0 256 1408
3 0 0 192 1408
3 0 0 128 1408
3 0 0 64 1408
3 0 0 64 1344
3 0 0 64 1280
3 0 0 128 1344
3 0 0 192 1344
4 0 0 64 1216
4 0 0 128 1280
5 0 0 128 1216
4 0 0 192 1280
5 0 0 192 1216
3 0 0 192 1216
4 0 0 256 1280
3 0 0 256 1344
3 0 0 384 1344
4 0 0 0 1472
3 0 0 320 1344
4 0 0 320 1280
4 0 0 384 1280
3 0 0 256 1216
5 0 0 320 1216
5 0 0 320 1152
5 0 0 384 1216
5 0 0 384 1152
5 0 0 128 1152
5 0 0 64 1152
5 0 0 128 1088
5 0 0 64 1088
5 0 0 128 1024
1 0 0 64 960
1 0 0 128 960
1 0 0 320 960
1 0 0 384 960
1 0 0 384 1024
0 0 0 448 1152
0 0 0 448 1216
0 0 0 448 1280
0 0 0 448 1344
0 0 0 512 1344
0 0 0 576 1344
0 0 0 640 1344
0 0 0 704 1344
0 0 0 768 1344
0 0 0 832 1344
0 0 0 960 1344
0 0 0 896 1344
0 0 0 1024 1344
0 0 0 1088 1344
0 0 0 1088 1408
0 0 0 1088 1472
0 0 0 256 960
0 0 0 256 1024
0 0 0 256 1088
0 0 0 256 1152
0 0 0 192 1152
1 0 0 128 896
1 0 0 320 896
1 0 0 384 896
1 0 0 64 832
1 0 0 128 832
1 0 0 192 832
1 0 0 320 832
1 0 0 384 832
1 0 0 448 1024
1 0 0 448 960
1 0 0 448 896
1 0 0 448 832
1 0 0 64 768
1 0 0 192 768
1 0 0 384 768
1 0 0 448 768
1 0 0 64 704
1 0 0 128 704
1 0 0 192 704
1 0 0 384 704
1 0 0 448 704
5 0 0 192 896
5 0 0 128 768
6 0 0 192 1024
6 0 0 192 1088
6 0 0 64 1024
6 0 0 64 896
2 0 0 192 960
3 0 0 256 896
3 0 0 256 832
3 0 0 256 768
3 0 0 256 704
3 0 0 320 768
3 0 0 320 704
3 0 0 256 640
3 0 0 320 640
3 0 0 384 640
3 0 0 320 576
3 0 0 384 576
3 0 0 384 512
3 0 0 448 576
3 0 0 448 512
3 0 0 448 448
3 0 0 384 448
3 0 0 448 384
3 0 0 512 448
3 0 0 512 512
3 0 0 576 448
3 0 0 512 384
3 0 0 576 384
3 0 0 640 448
3 0 0 640 512
3 0 0 704 384
3 0 0 640 384
3 0 0 704 448
3 0 0 768 512
3 0 0 704 512
3 0 0 768 448
3 0 0 768 384
3 0 0 832 448
3 0 0 832 512
3 0 0 832 576
3 0 0 768 576
3 0 0 896 512
3 0 0 896 576
3 0 0 896 640
3 0 0 960 640
3 0 0 960 576
0 0 0 448 320
0 0 0 512 320
0 0 0 576 320
0 0 0 640 320
0 0 0 704 320
0 0 0 768 320
0 0 0 448 256
0 0 0 448 192
0 0 0 448 128
0 0 0 448 64
0 0 0 448 0
0 0 0 384 0
0 0 0 320 0
0 0 0 256 0
0 0 0 192 0
0 0 0 128 0
0 0 0 64 0
1 0 0 192 640
1 0 0 128 640
1 0 0 64 640
1 0 0 64 576
1 0 0 128 576
1 0 0 192 576
1 0 0 256 576
1 0 0 320 512
1 0 0 256 512
1 0 0 192 512
1 0 0 64 512
1 0 0 128 512
1 0 0 64 448
1 0 0 128 448
1 0 0 192 448
1 0 0 256 448
1 0 0 320 448
1 0 0 320 384
1 0 0 384 384
1 0 0 256 384
1 0 0 192 384
1 0 0 128 384
1 0 0 64 384
1 0 0 64 320
1 0 0 128 320
1 0 0 192 320
1 0 0 256 320
1 0 0 320 320
1 0 0 384 320
1 0 0 384 256
1 0 0 320 256
1 0 0 256 256
1 0 0 192 256
1 0 0 128 256
1 0 0 64 256
1 0 0 64 192
1 0 0 128 192
1 0 0 192 192
1 0 0 256 192
1 0 0 320 192
1 0 0 384 192
1 0 0 384 128
1 0 0 384 64
1 0 0 320 128
1 0 0 320 64
1 0 0 256 128
1 0 0 256 64
1 0 0 192 128
1 0 0 192 64
1 0 0 128 128
1 0 0 128 64
1 0 0 64 128
1 0 0 64 64
1 0 0 512 576
1 0 0 448 640
1 0 0 512 640
1 0 0 576 576
1 0 0 640 576
1 0 0 704 576
1 0 0 704 640
1 0 0 768 640
1 0 0 832 640
1 0 0 896 704
1 0 0 960 704
1 0 0 832 704
1 0 0 704 704
1 0 0 768 704
1 0 0 640 640
1 0 0 576 640
1 0 0 640 704
1 0 0 576 704
1 0 0 512 704
1 0 0 512 768
1 0 0 576 768
1 0 0 512 832
1 0 0 576 832
1 0 0 512 896
1 0 0 576 896
1 0 0 512 960
1 0 0 576 960
1 0 0 512 1024
1 0 0 576 1024
1 0 0 512 1088
1 0 0 576 1088
1 0 0 512 1152
1 0 0 576 1152
1 0 0 512 1216
1 0 0 576 1216
1 0 0 512 1280
1 0 0 576 1280
0 0 0 448 1088
0 0 0 384 1088
5 0 0 320 1088
1 0 0 320 1024
tr 2 0 0 1 320 1024 64 64
2 0 0 576 512
tr 1 0 0 0 576 512 64 32 70 70
box 1152 1536
